0.981596 0.871452 0.517861 0.071285 0.751157 0.840164 0.659548 0.501867 0.031200 0.966949 
0.496799 0.507602 0.245667 0.489126 0.419380 0.070755 0.294773 0.276632 0.187270 0.208804 
0.022414 0.788823 0.297508 0.849894 0.000231 0.378792 0.950368 0.119665 0.943594 0.520476 
0.053832 0.473031 0.650474 0.997041 0.149464 0.268169 0.694286 0.886598 0.947922 0.225546 
0.140874 0.828802 0.891393 0.004393 0.273834 0.152921 0.206807 0.970289 0.452984 0.567198 
0.893474 0.322482 0.861106 0.542607 0.872425 0.631000 0.554762 0.942526 0.810833 0.998164 
0.465820 0.976147 0.209915 0.861348 0.601251 0.316375 0.879278 0.638128 0.928879 0.131865 
0.560857 0.278211 0.399094 0.909139 0.321188 0.959112 0.557858 0.090590 0.672717 0.954677 
0.494456 0.072831 0.887883 0.845351 0.284293 0.498674 0.752334 0.074708 0.372332 0.123878 
0.067785 0.751224 0.256528 0.878873 0.435316 0.738609 0.894901 0.182451 0.405696 0.186238 
0.897647 0.831189 0.966802 0.746182 0.903759 0.012756 0.841844 0.031688 0.438824 0.646503 
0.288565 0.922338 0.619157 0.117489 0.925106 0.605353 0.130857 0.724936 0.678649 0.128169 
0.269047 0.327024 0.165346 0.509022 0.505292 0.576451 0.189154 0.144159 0.465070 0.081321 
0.594194 0.804069 0.826199 0.168832 0.627582 0.807379 0.153640 0.635927 0.953264 0.659227 
0.475879 0.538250 0.655693 0.831112 0.719264 0.654968 0.028902 0.789848 0.354698 0.027399 
0.368311 0.463295 0.546453 0.928011 0.023913 0.878228 0.009085 0.566253 0.339021 0.985180 
0.655611 0.820750 0.251329 0.169484 0.574933 0.902373 0.596452 0.377414 0.895860 0.539331 
0.938200 0.951907 0.040156 0.883737 0.046534 0.152233 0.609049 0.821586 0.545434 0.373835 
0.620425 0.076273 0.233375 0.387863 0.422531 0.192580 0.918923 0.304881 0.749284 0.706735 
0.282840 0.708671 0.361113 0.382569 0.467734 0.790976 0.733574 0.319373 0.124877 0.947411 
0.205181 0.234926 0.633455 0.271453 0.022628 0.060705 0.301147 0.784980 0.453235 0.382277 
0.439134 0.398896 0.986098 0.867883 0.065074 0.389827 0.495574 0.503736 0.074749 0.692909 
0.027250 0.268124 0.207157 0.741502 0.923956 0.299966 0.258163 0.260997 0.663341 0.602071 
0.876184 0.832513 0.757084 0.447873 0.534143 0.734180 0.732854 0.732476 0.703652 0.775258 
0.610092 0.995374 0.886328 0.709639 0.366796 0.104209 0.116761 0.162950 0.918951 0.591834 
0.203592 0.649751 0.472230 0.944331 0.363946 0.792575 0.746042 0.921075 0.660072 0.376180 
0.519917 0.703953 0.158914 0.174118 0.151374 0.782729 0.809789 0.222223 0.690105 0.850649 
0.053824 0.932303 0.810921 0.244596 0.149609 0.532398 0.745234 0.083609 0.853724 0.225735 
0.862187 0.687653 0.476508 0.640929 0.350802 0.253352 0.337143 0.073702 0.467902 0.796958 
0.442935 0.568354 0.116288 0.808613 0.335966 0.070955 0.584325 0.769552 0.458479 0.996881 
0.548009 0.380848 0.875721 0.853371 0.784028 0.625803 0.468952 0.817677 0.806104 0.281311 
0.566861 0.634579 0.635186 0.398118 0.486739 0.024681 0.087265 0.740426 0.824767 0.710381 
0.680395 0.363229 0.097281 0.115494 0.464798 0.062042 0.828717 0.758249 0.190436 0.664642 
0.371379 0.407619 0.908439 0.080281 0.131253 0.129612 0.685945 0.961195 0.025673 0.414836 
0.078229 0.368700 0.035016 0.360468 0.886391 0.450614 0.267325 0.466425 0.056815 0.498270 
0.456351 0.468399 0.039750 0.828906 0.674557 0.672336 0.969484 0.786996 0.142936 0.949123 
0.047844 0.503414 0.988568 0.214610 0.835160 0.856111 0.183774 0.422568 0.171419 0.953182 
0.738257 0.910536 0.686182 0.791040 0.656488 0.498445 0.299941 0.943730 0.625845 0.732923 
0.038002 0.206431 0.376689 0.654688 0.983917 0.048785 0.411185 0.001314 0.029515 0.384680 
0.954244 0.338604 0.504324 0.026146 0.979790 0.313832 0.236489 0.981268 0.472332 0.040083 
0.742372 0.574126 0.763496 0.785776 0.250153 0.641631 0.195055 0.570194 0.678443 0.582934 
0.937450 0.486932 0.048875 0.922563 0.624571 0.786387 0.705379 0.346471 0.114789 0.564713 
0.513364 0.262219 0.725928 0.492313 0.728242 0.289150 0.180548 0.557503 0.236064 0.355183 
0.240905 0.579593 0.701328 0.834012 0.498170 0.497868 0.522333 0.299785 0.289081 0.880201 
0.259965 0.878328 0.458891 0.131354 0.849828 0.818435 0.296172 0.159073 0.172756 0.624530 
0.758974 0.060950 0.582295 0.759783 0.190918 0.595128 0.462782 0.665256 0.323706 0.624016 
0.993343 0.440876 0.339090 0.925736 0.124144 0.536425 0.925232 0.684203 0.801110 0.295741 
0.356706 0.084258 0.170625 0.832708 0.002790 0.330873 0.215889 0.792409 0.299634 0.074680 
0.752858 0.563238 0.399193 0.259401 0.152953 0.411690 0.001009 0.348624 0.775626 0.293706 
0.110048 0.539311 0.919777 0.213022 0.534161 0.794006 0.906606 0.250075 0.552771 0.234740 
0.597045 0.768058 0.226045 0.522315 0.510634 0.343208 0.680042 0.345003 0.554692 0.345897 
0.430595 0.233090 0.361007 0.397357 0.385216 0.462607 0.514952 0.328633 0.730647 0.848490 
0.730718 0.587362 0.324562 0.479110 0.310596 0.367824 0.522069 0.927486 0.773625 0.160364 
0.261176 0.458974 0.083582 0.993904 0.003555 0.679571 0.102919 0.756072 0.900847 0.157864 
0.094808 0.860982 0.512666 0.604478 0.815242 0.567779 0.996880 0.288239 0.138167 0.508659 
0.450963 0.660836 0.832865 0.944909 0.638418 0.651777 0.358969 0.606180 0.794077 0.603301 
0.640075 0.353879 0.904613 0.490442 0.448339 0.491114 0.625243 0.766029 0.189413 0.161397 
0.132039 0.347186 0.723596 0.437947 0.244086 0.398458 0.393367 0.846152 0.028974 0.635454 
0.452822 0.253718 0.382996 0.772656 0.803385 0.477484 0.007662 0.901981 0.127387 0.843941 
0.652200 0.952528 0.298017 0.744067 0.823971 0.066588 0.545285 0.595707 0.133736 0.782269 
0.826998 0.298201 0.691712 0.442904 0.852191 0.411028 0.509110 0.068536 0.128311 0.264566 
0.308077 0.158406 0.880457 0.053000 0.467252 0.969092 0.246779 0.218043 0.935260 0.314699 
0.402364 0.361297 0.924548 0.087822 0.970699 0.780721 0.045395 0.869408 0.273230 0.183196 
0.884231 0.741629 0.081253 0.797986 0.841244 0.729018 0.841730 0.414218 0.942679 0.447473 
0.700580 0.705900 0.482673 0.655582 0.078548 0.765651 0.048250 0.661209 0.638151 0.326679 
0.241872 0.700892 0.128265 0.032336 0.237599 0.756581 0.316320 0.783485 0.872531 0.279816 
0.759832 0.006226 0.252911 0.557067 0.817571 0.843270 0.783419 0.247886 0.367073 0.931764 
0.290926 0.374346 0.883962 0.719802 0.405829 0.770157 0.972400 0.554425 0.236202 0.399692 
0.277439 0.901496 0.196277 0.110408 0.466312 0.978661 0.586464 0.229585 0.187318 0.379423 
0.006108 0.318345 0.121354 0.216647 0.951536 0.111359 0.778044 0.006913 0.545649 0.592846 
0.374711 0.597083 0.543695 0.811020 0.965005 0.396077 0.727697 0.766639 0.255116 0.068507 
0.436933 0.297795 0.314621 0.138662 0.765285 0.492061 0.650987 0.021833 0.305824 0.205238 
0.304298 0.125014 0.382041 0.881899 0.574534 0.258095 0.664615 0.393103 0.015549 0.723618 
0.290860 0.388356 0.791539 0.923556 0.915925 0.036966 0.938780 0.252540 0.587488 0.575148 
0.242516 0.817688 0.839179 0.012756 0.495432 0.974381 0.535081 0.204217 0.962558 0.200233 
0.936684 0.981176 0.680236 0.377159 0.166012 0.726426 0.398440 0.662279 0.849848 0.843480 
0.860190 0.861990 0.416922 0.167812 0.325998 0.147965 0.670458 0.914742 0.007940 0.423730 
0.397228 0.083821 0.642890 0.540223 0.296436 0.147895 0.440534 0.006903 0.634026 0.544751 
0.479419 0.337712 0.214081 0.101662 0.558298 0.704824 0.132874 0.746423 0.359291 0.527967 
0.564996 0.236129 0.617271 0.039268 0.067477 0.380994 0.439204 0.799671 0.114060 0.185108 
0.489619 0.317805 0.675191 0.933229 0.068978 0.076411 0.547643 0.907799 0.540818 0.081690 
0.269812 0.984448 0.601023 0.971592 0.166785 0.410840 0.395136 0.974574 0.416421 0.464094 
0.989740 0.548251 0.346310 0.360928 0.947438 0.142991 0.398272 0.119863 0.517098 0.030555 
0.183676 0.749251 0.364401 0.644205 0.811088 0.798920 0.751349 0.518970 0.886123 0.434984 
0.861657 0.841852 0.171481 0.067947 0.710456 0.930248 0.522350 0.821975 0.149396 0.557865 
0.032633 0.166890 0.795362 0.207912 0.970246 0.004719 0.490433 0.637023 0.434677 0.638782 
0.331958 0.903098 0.492667 0.039604 0.998427 0.650041 0.088679 0.953910 0.059039 0.034217 
0.748747 0.105124 0.354623 0.469359 0.987455 0.678532 0.250852 0.946926 0.381030 0.709900 
0.644366 0.745093 0.775061 0.150097 0.150087 0.253623 0.447559 0.966605 0.722369 0.169324 
0.169238 0.729372 0.236805 0.991307 0.958479 0.843181 0.637961 0.067344 0.095119 0.593382 
0.952205 0.717470 0.844833 0.427062 0.530459 0.293959 0.709445 0.437535 0.667190 0.608065 
0.543270 0.133432 0.816527 0.955372 0.074087 0.026860 0.992620 0.320840 0.296401 0.772360 
0.251413 0.445789 0.846228 0.724247 0.311821 0.093307 0.932195 0.134052 0.598563 0.056274 
0.578572 0.508787 0.370187 0.580892 0.895171 0.797885 0.092229 0.134585 0.151852 0.854725 
0.915477 0.530490 0.383230 0.540258 0.834768 0.711403 0.953540 0.805948 0.436377 0.384284 
0.895597 0.859717 0.861335 0.705441 0.002349 0.783407 0.162796 0.524764 0.012682 0.399619 
0.482507 0.677725 0.463909 0.005029 0.640210 0.623923 0.970455 0.944257 0.229023 0.325417 
0.442740 0.805838 0.570548 0.782516 0.803183 0.825415 0.597007 0.988340 0.263680 0.555390 
0.311755 0.531243 0.695307 0.926860 0.245131 0.035023 0.240227 0.409894 0.511385 0.295420 
0.055314 0.955896 0.960917 0.008296 0.064122 0.405475 0.070295 0.371188 0.215085 0.366120 
0.753792 0.066677 0.546313 0.824628 0.263148 0.249669 0.300041 0.226854 0.346110 0.349048 
0.131947 0.541518 0.636577 0.767336 0.102720 0.480897 0.813545 0.446031 0.747817 0.630224 
0.355922 0.281660 0.570892 0.997137 0.483719 0.880839 0.076710 0.266221 0.413619 0.664442 
0.395871 0.480900 0.927112 0.227653 0.418884 0.280685 0.354473 0.459096 0.055753 0.992096 
0.885521 0.684864 0.863766 0.919542 0.381289 0.599143 0.132011 0.432905 0.390028 0.944361 
0.021240 0.208258 0.169839 0.641999 0.886765 0.026226 0.158180 0.259623 0.474484 0.350348 
0.844081 0.608161 0.178699 0.105320 0.420558 0.155199 0.062147 0.133715 0.825321 0.192998 
0.288071 0.326176 0.243504 0.268161 0.283848 0.833911 0.701843 0.419228 0.303644 0.919576 
0.250343 0.880847 0.751779 0.763844 0.048181 0.194893 0.086482 0.506861 0.821790 0.288692 
0.488380 0.133395 0.199134 0.805510 0.219166 0.829788 0.616787 0.324325 0.565680 0.550859 
0.729036 0.102408 0.982941 0.104253 0.239176 0.338075 0.173772 0.684689 0.054382 0.919324 
0.202616 0.959117 0.709639 0.469759 0.029258 0.671117 0.651401 0.443094 0.260014 0.090049 
0.216276 0.152902 0.175436 0.219062 0.702311 0.052366 0.498696 0.435663 0.589104 0.257696 
0.976335 0.152538 0.858297 0.922708 0.007636 0.734309 0.284511 0.793024 0.479734 0.427048 
0.593236 0.155553 0.909411 0.320323 0.610921 0.499482 0.830560 0.815556 0.198651 0.577723 
0.304404 0.089569 0.961663 0.857544 0.408090 0.943300 0.818360 0.752113 0.239013 0.899521 
0.967703 0.454425 0.570600 0.259847 0.248947 0.289772 0.938169 0.789256 0.780193 0.218226 
0.895970 0.668896 0.562879 0.878063 0.652460 0.376560 0.000326 0.501267 0.617310 0.967032 
0.190025 0.831302 0.176661 0.188268 0.320277 0.113755 0.640389 0.555182 0.144129 0.433981 
0.001799 0.790235 0.513679 0.759194 0.103672 0.964851 0.007356 0.630750 0.716132 0.784822 
0.711764 0.712711 0.548472 0.031689 0.535565 0.432512 0.106421 0.097989 0.401506 0.525234 
0.867727 0.472598 0.165277 0.642339 0.164870 0.084563 0.106794 0.245676 0.462385 0.331277 
0.118308 0.708588 0.493893 0.566871 0.883439 0.716676 0.367109 0.615725 0.707282 0.431594 
0.039023 0.958059 0.535117 0.376410 0.666457 0.506787 0.239608 0.304960 0.401211 0.717902 
0.598195 0.505776 0.198807 0.212548 0.847742 0.328088 0.346140 0.766968 0.014385 0.916212 
0.604314 0.305053 0.623169 0.792157 0.762661 0.753524 0.249620 0.267229 0.074640 0.890028 
0.516432 0.789811 0.026315 0.145443 0.807014 0.836006 0.387064 0.039506 0.591068 0.134706 
0.007507 0.236387 0.318791 0.489142 0.632952 0.253716 0.421038 0.296562 0.446002 0.119913 
0.688933 0.234303 0.533000 0.012846 0.710427 0.534425 0.640077 0.556365 0.926621 0.893452 
0.946020 0.464699 0.326774 0.186612 0.688664 0.435165 0.787553 0.969074 0.094893 0.653086 
0.873536 0.619387 0.602190 0.485230 0.320948 0.157704 0.269994 0.689125 0.375419 0.040278 
0.113276 0.615329 0.361933 0.838226 0.531648 0.600481 0.843982 0.717881 0.545999 0.504716 
0.354569 0.122624 0.134921 0.141057 0.873194 0.937451 0.740468 0.559029 0.111678 0.894453 
0.241937 0.123794 0.913814 0.732217 0.054540 0.107759 0.826102 0.533354 0.904463 0.385728 
0.560333 0.284459 0.640559 0.691067 0.500401 0.899981 0.182192 0.875724 0.633277 0.292052 
0.612727 0.735733 0.658774 0.034493 0.432763 0.550465 0.065436 0.393099 0.905412 0.234037 
0.300809 0.411308 0.675330 0.488857 0.904282 0.427357 0.610350 0.458067 0.630553 0.200948 
0.798142 0.828982 0.744558 0.971390 0.630183 0.152381 0.701553 0.208245 0.014228 0.380306 
0.795642 0.935114 0.842178 0.112451 0.983036 0.247546 0.111618 0.757273 0.316478 0.594790 
0.781092 0.399067 0.516657 0.743214 0.585200 0.447369 0.095824 0.546692 0.111871 0.268386 
0.351098 0.052211 0.151869 0.638541 0.840637 0.532783 0.597834 0.357388 0.629463 0.622443 
0.054297 0.571186 0.380664 0.594183 0.468814 0.354651 0.812233 0.700998 0.060709 0.804567 
0.708705 0.747670 0.821019 0.498623 0.545222 0.773115 0.814578 0.109222 0.673995 0.103971 
0.992928 0.320244 0.171364 0.567853 0.179104 0.881681 0.089437 0.006611 0.477439 0.729240 
0.162476 0.492934 0.329975 0.426504 0.634462 0.734092 0.731279 0.597302 0.305546 0.648590 
0.113566 0.221653 0.966472 0.076239 0.962959 0.406432 0.903857 0.659176 0.516333 0.474655 
0.912875 0.939274 0.806293 0.290587 0.534014 0.604179 0.452232 0.580006 0.707028 0.932912 
0.481657 0.482305 0.222188 0.561335 0.479614 0.641105 0.070688 0.909952 0.813611 0.096444 
0.851806 0.539996 0.999773 0.633333 0.793666 0.127467 0.241278 0.636006 0.315808 0.599107 
0.809914 0.221057 0.063739 0.930776 0.092714 0.496192 0.731865 0.525561 0.311302 0.233565 
0.186760 0.095945 0.425483 0.977769 0.880800 0.310469 0.040492 0.259623 0.344977 0.032328 
0.247200 0.060165 0.404338 0.093597 0.003874 0.578574 0.424523 0.051171 0.666305 0.579859 
0.054189 0.819509 0.400293 0.661735 0.511529 0.943609 0.540215 0.731950 0.861072 0.842198 
0.608961 0.771478 0.111923 0.602773 0.678464 0.426940 0.953828 0.164291 0.761779 0.556897 
0.777232 0.195696 0.424311 0.473818 0.565748 0.033128 0.208906 0.280397 0.875838 0.839883 
0.511064 0.895118 0.613546 0.356256 0.478459 0.929434 0.116332 0.259427 0.871235 0.204952 
0.027750 0.684300 0.988061 0.475578 0.320513 0.924982 0.646220 0.547096 0.172790 0.621255 
0.990385 0.656846 0.219901 0.671022 0.601580 0.358307 0.108411 0.541268 0.850224 0.174021 
0.500940 0.990381 0.354081 0.959645 0.913153 0.259989 0.983497 0.788113 0.959588 0.289540 
0.331997 0.033692 0.266242 0.089084 0.682518 0.786860 0.248344 0.869606 0.770207 0.018503 
0.173883 0.424253 0.291498 0.797742 0.946733 0.511582 0.606356 0.787541 0.875015 0.701496 
0.625636 0.489984 0.188390 0.590776 0.099089 0.562527 0.816695 0.969428 0.067413 0.952091 
0.575135 0.583504 0.022860 0.912197 0.511029 0.684794 0.830054 0.180468 0.646792 0.749009 
0.750985 0.083270 0.449404 0.101129 0.110128 0.092397 0.489039 0.930599 0.324097 0.756727 
0.153519 0.660155 0.243640 0.293295 0.545262 0.872579 0.760728 0.045152 0.640347 0.542089 
0.356787 0.052305 0.868727 0.051588 0.688786 0.942938 0.915108 0.240646 0.879751 0.282063 
0.143951 0.556831 0.528611 0.504128 0.147417 0.096594 0.900975 0.008855 0.373638 0.244875 
0.850608 0.712025 0.914135 0.768376 0.777561 0.845883 0.214238 0.671594 0.766738 0.286318 
0.337870 0.487911 0.973930 0.282985 0.399051 0.909396 0.547061 0.904813 0.168087 0.963134 
0.275196 0.617601 0.585426 0.225360 0.898300 0.011341 0.784709 0.572416 0.519725 0.230695 
0.006011 0.213778 0.118975 0.331290 0.307044 0.523683 0.194441 0.155461 0.627456 0.537321 
0.801912 0.645659 0.926533 0.453251 0.061051 0.650345 0.746889 0.502367 0.713914 0.205008 
0.497408 0.380642 0.593561 0.737385 0.219471 0.385145 0.475558 0.567733 0.306396 0.434041 
0.537843 0.103713 0.883615 0.509886 0.082833 0.649302 0.583259 0.188272 0.263687 0.142212 
0.870913 0.377512 0.424476 0.382514 0.950395 0.762853 0.260548 0.324196 0.916004 0.375584 
0.722844 0.262861 0.607257 0.905483 0.016371 0.575686 0.084822 0.716037 0.615034 0.793561 
0.668086 0.241286 0.070764 0.965258 0.114668 0.631919 0.298133 0.552929 0.093175 0.812816 
0.178828 0.622924 0.924772 0.628267 0.012410 0.278204 0.917129 0.142282 0.627697 0.903791 
0.550495 0.522928 0.642079 0.132031 0.216227 0.839836 0.470518 0.380364 0.192028 0.540376 
0.959875 0.413238 0.104500 0.618302 0.011428 0.426835 0.269468 0.396569 0.776965 0.817863 
0.596022 0.217792 0.700225 0.383020 0.642449 0.631622 0.762970 0.576742 0.864501 0.708417 
0.808571 0.858554 0.395804 0.991194 0.516991 0.833467 0.772172 0.019402 0.333582 0.043209 
0.984532 0.861008 0.084905 0.286827 0.245542 0.270185 0.021300 0.577580 0.135414 0.145946 
0.885924 0.283939 0.214479 0.706191 0.193747 0.400801 0.879986 0.932196 0.765467 0.233336 
0.213837 0.615393 0.248799 0.535206 0.090871 0.554255 0.798170 0.106873 0.318614 0.246701 
0.034630 0.779490 0.226653 0.193211 0.368442 0.443865 0.324165 0.732150 0.252380 0.170283 
0.451124 0.954847 0.703004 0.689435 0.007793 0.090384 0.669044 0.970523 0.200075 0.235057 
0.013795 0.919603 0.754153 0.050455 0.602701 0.744381 0.296294 0.608886 0.069010 0.275461 
0.473711 0.384816 0.547287 0.184434 0.478855 0.032615 0.929952 0.719666 0.551911 0.951607 
0.951197 0.162643 0.553483 0.045658 0.308118 0.429743 0.281960 0.302752 0.403812 0.346671 
0.248952 0.796751 0.630573 0.885042 0.744444 0.037262 0.168880 0.459022 0.750116 0.297322 
0.386423 0.113817 0.985457 0.839794 0.839349 0.975798 0.745167 0.048029 0.487184 0.404426 
0.431433 0.158824 0.634278 0.118155 0.262432 0.522340 0.477134 0.385352 0.384786 0.302237 
0.830886 0.355828 0.600456 0.410415 0.514238 0.909630 0.653445 0.361716 0.061409 0.757311 
0.824647 0.847759 0.909187 0.120229 0.446774 0.383248 0.966576 0.287584 0.213691 0.359744 
0.452999 0.582781 0.570837 0.572093 0.341211 0.884452 0.313027 0.816713 0.543873 0.124900 
0.380560 0.586178 0.335420 0.949390 0.839142 0.255018 0.076439 0.450528 0.410645 0.617183 
0.925869 0.925838 0.957139 0.256385 0.982493 0.909050 0.791415 0.806633 0.900963 0.355519 
0.740844 0.575078 0.439923 0.989865 0.626465 0.894560 0.365384 0.790173 0.056290 0.362938 
0.737633 0.009977 0.601543 0.349808 0.181275 0.398517 0.585099 0.282958 0.443509 0.068488 
0.946916 0.809377 0.720262 0.208522 0.123017 0.625020 0.183337 0.068309 0.537813 0.867162 
0.510100 0.608808 0.678778 0.665827 0.579969 0.567597 0.076919 0.054931 0.134061 0.457896 
0.791879 0.479914 0.212759 0.973345 0.328536 0.894512 0.153663 0.637523 0.540947 0.077615 
0.452174 0.268440 0.081623 0.622700 0.268186 0.214166 0.826876 0.424286 0.857368 0.904921 
0.849199 0.258096 0.274479 0.063538 0.550239 0.003859 0.300957 0.905531 0.198017 0.281696 
0.390431 0.481010 0.867518 0.373510 0.180517 0.880581 0.383884 0.417321 0.155609 0.613878 
0.738377 0.227341 0.559357 0.166252 0.678492 0.235122 0.650749 0.154058 0.061378 0.661858 
0.976439 0.048602 0.464628 0.231278 0.055688 0.244865 0.817371 0.539999 0.661074 0.200025 
0.523299 0.169242 0.430301 0.052209 0.034057 0.640917 0.766266 0.937091 0.018603 0.959986 
0.429915 0.258446 0.773986 0.901756 0.286518 0.304524 0.374176 0.660955 0.291103 0.665106 
0.207158 0.197910 0.653920 0.793292 0.077390 0.825621 0.189862 0.394657 0.973824 0.541300 
0.323401 0.605693 0.657729 0.373014 0.900572 0.883689 0.646502 0.258991 0.764640 0.868969 
0.110870 0.823704 0.161021 0.832055 0.846606 0.945373 0.003605 0.847912 0.243684 0.557047 
0.375210 0.810615 0.432377 0.753835 0.395698 0.390795 0.282888 0.945056 0.682116 0.021398 
0.329904 0.802237 0.505086 0.621863 0.169215 0.801320 0.638601 0.377000 0.137855 0.482681 
0.342105 0.708113 0.375332 0.394093 0.430452 0.157113 0.592075 0.067280 0.629812 0.807986 
0.817119 0.859378 0.480372 0.359278 0.416218 0.625165 0.325289 0.181582 0.857015 0.736009 
0.531685 0.781085 0.342421 0.088852 0.728763 0.698985 0.988951 0.575748 0.899798 0.572304 
0.521122 0.203797 0.777146 0.341677 0.406474 0.085869 0.123236 0.185885 0.348368 0.008985 
0.774310 0.993343 0.383944 0.548671 0.951807 0.531180 0.735877 0.291448 0.486310 0.718280 
0.120263 0.093625 0.711556 0.460547 0.911985 0.888567 0.156617 0.461664 0.679517 0.449427 
0.625450 0.650619 0.480933 0.645452 0.951414 0.263666 0.434647 0.346977 0.704122 0.659617 
0.346649 0.215177 0.729180 0.513521 0.346001 0.234786 0.832243 0.318166 0.460884 0.753208 
0.334619 0.243873 0.937559 0.814426 0.290244 0.839657 0.359910 0.459915 0.364272 0.804739 
0.574617 0.339688 0.517254 0.097183 0.886701 0.495540 0.076238 0.235895 0.280265 0.029156 
0.863938 0.197862 0.903069 0.463714 0.210031 0.152366 0.556926 0.027752 0.076204 0.779817 
0.198563 0.506833 0.218193 0.589817 0.130877 0.230768 0.273930 0.658453 0.444625 0.567350 
0.672451 0.950758 0.873219 0.187172 0.520516 0.657954 0.132055 0.158804 0.165706 0.076117 
0.901831 0.394607 0.082693 0.611330 0.905463 0.562948 0.699655 0.802663 0.398749 0.251622 
0.199157 0.584465 0.465403 0.051942 0.402530 0.291829 0.485905 0.408580 0.920585 0.133455 
0.298284 0.606537 0.021930 0.575727 0.215761 0.622305 0.182716 0.327392 0.511334 0.564474 
0.496520 0.714643 0.808281 0.842345 0.078739 0.715905 0.101215 0.746015 0.914142 0.540981 
0.889904 0.401536 0.179210 0.499726 0.933060 0.280731 0.201584 0.746352 0.091934 0.068921 
0.501415 0.858691 0.165392 0.439025 0.602872 0.412273 0.134746 0.173955 0.993037 0.988431 
0.276995 0.920485 0.181603 0.149057 0.377492 0.362206 0.323789 0.117545 0.096434 0.251095 
0.533958 0.750839 0.691437 0.028279 0.664931 0.781392 0.950545 0.174038 0.313147 0.315473 
0.574250 0.285592 0.213764 0.756670 0.792190 0.135487 0.532131 0.627409 0.785375 0.300657 
0.412804 0.796816 0.298105 0.796106 0.333492 0.902070 0.247686 0.841890 0.602400 0.042039 
0.014764 0.142766 0.768335 0.293556 0.692659 0.289636 0.437276 0.510083 0.465908 0.527901 
0.702765 0.504550 0.501150 0.115207 0.203816 0.499558 0.669088 0.165764 0.298131 0.256022 
0.506747 0.610688 0.909465 0.375092 0.958714 0.783590 0.547696 0.714305 0.133173 0.408710 
0.381266 0.703797 0.057853 0.828894 0.711832 0.677062 0.609054 0.907037 0.295009 0.947513 
0.064932 0.383340 0.436752 0.841777 0.166907 0.149812 0.863135 0.218538 0.166627 0.919281 
0.358580 0.728683 0.572255 0.665238 0.442777 0.696619 0.380696 0.870961 0.317104 0.121244 
0.234251 0.887285 0.565067 0.960140 0.632994 0.129013 0.748956 0.211836 0.109840 0.591945 
0.203504 0.055848 0.823817 0.943118 0.929967 0.945946 0.156697 0.836665 0.832088 0.359652 
0.813780 0.138216 0.126099 0.112699 0.529331 0.886412 0.058124 0.859302 0.971593 0.719307 
0.393435 0.863065 0.300117 0.648287 0.626474 0.515005 0.339707 0.523377 0.218271 0.523551 
0.053575 0.421746 0.002122 0.480804 0.680819 0.679409 0.817176 0.477363 0.706078 0.260843 
0.375052 0.411314 0.951107 0.066521 0.923198 0.976793 0.377548 0.889883 0.039014 0.493079 
0.774994 0.959141 0.766299 0.897771 0.152834 0.125460 0.972605 0.065076 0.616295 0.855836 
0.165298 0.750245 0.751304 0.497230 0.405721 0.752243 0.605319 0.509456 0.669364 0.724406 
0.912219 0.980997 0.138865 0.771303 0.312476 0.827052 0.338236 0.620798 0.037202 0.199110 
0.319206 0.233516 0.349320 0.060362 0.693899 0.781430 0.927984 0.733567 0.003335 0.157286 
0.329780 0.096227 0.151341 0.262457 0.890688 0.190883 0.898425 0.229996 0.142464 0.370476 
0.204236 0.384582 0.496721 0.651069 0.490671 0.428641 0.850706 0.021872 0.862405 0.862272 
0.767215 0.500273 0.808652 0.133604 0.805824 0.014457 0.256792 0.138989 0.276037 0.684763 
0.069973 0.570256 0.632869 0.638546 0.326439 0.325285 0.285496 0.769507 0.531692 0.634198 
0.950034 0.976632 0.688401 0.384943 0.549879 0.134702 0.779947 0.969765 0.522221 0.141323 
0.158210 0.492855 0.639570 0.765698 0.388784 0.450517 0.701395 0.386794 0.567618 0.079302 
0.286446 0.400883 0.729322 0.652916 0.896829 0.572275 0.492512 0.993428 0.333033 0.876145 
0.687129 0.994990 0.859846 0.381489 0.676120 0.792023 0.967668 0.326393 0.413417 0.420429 
0.141150 0.260998 0.626955 0.300019 0.828397 0.419737 0.476161 0.137161 0.414348 0.487664 
0.512087 0.665325 0.180591 0.340140 0.110089 0.532537 0.994906 0.384754 0.983922 0.460325 
0.721327 0.964257 0.573307 0.918927 0.279227 0.925704 0.490579 0.562636 0.057739 0.515677 
0.928845 0.671151 0.163566 0.456267 0.767636 0.899082 0.503453 0.633835 0.396543 0.271994 
0.732104 0.299175 0.906052 0.442497 0.216057 0.544833 0.768773 0.541606 0.791321 0.231580 
0.749848 0.531127 0.077343 0.454186 0.034062 0.901124 0.388084 0.314993 0.594185 0.899534 
0.407320 0.001463 0.338535 0.945282 0.436552 0.051827 0.453259 0.159327 0.309563 0.908697 
0.239492 0.883789 0.580618 0.219119 0.936864 0.808603 0.132854 0.152616 0.901803 0.603643 
0.520850 0.404384 0.475235 0.882403 0.262089 0.334905 0.758506 0.136951 0.093127 0.365236 
0.219077 0.301206 0.805320 0.019875 0.569745 0.228683 0.565237 0.709803 0.319027 0.598591 
0.842388 0.950582 0.530778 0.341765 0.359553 0.822402 0.648637 0.464864 0.886962 0.668487 
0.662933 0.460648 0.227310 0.766027 0.026839 0.348235 0.798058 0.113271 0.657432 0.894564 
0.816235 0.287648 0.709485 0.342804 0.500419 0.165471 0.220448 0.700879 0.684517 0.087336 
0.793878 0.084627 0.148633 0.618806 0.827015 0.028134 0.857891 0.179986 0.473949 0.539010 
0.469105 0.582181 0.658116 0.453021 0.258982 0.955370 0.904729 0.803668 0.141244 0.428450 
0.309525 0.153069 0.633983 0.010163 0.045885 0.680291 0.292020 0.513956 0.950925 0.617153 
0.687579 0.073094 0.229306 0.599081 0.246472 0.860562 0.725870 0.548438 0.882626 0.558876 
0.986852 0.580565 0.182228 0.601568 0.660732 0.939094 0.339446 0.207845 0.437439 0.225851 
0.769934 0.287015 0.166353 0.649417 0.329410 0.680194 0.272681 0.784589 0.834957 0.104520 
0.829581 0.361920 0.149607 0.342721 0.659496 0.917424 0.170275 0.526490 0.325143 0.009978 
0.706085 0.724825 0.202747 0.493299 0.013004 0.256692 0.664018 0.571023 0.367639 0.059153 
0.595336 0.858312 0.954959 0.701774 0.718068 0.885618 0.535852 0.422041 0.794839 0.322652 
0.752874 0.347916 0.015908 0.887803 0.391119 0.920043 0.829109 0.721156 0.099309 0.779477 
0.496722 0.961746 0.957514 0.055058 0.033505 0.300063 0.267362 0.073138 0.951782 0.335479 
0.865133 0.953569 0.025692 0.098362 0.406015 0.073391 0.176156 0.594862 0.001474 0.619569 
0.068028 0.206037 0.971111 0.649783 0.716308 0.767399 0.431186 0.861977 0.295396 0.992886 
0.968546 0.768245 0.297596 0.764071 0.921336 0.084952 0.475655 0.448801 0.048455 0.648006 
0.098756 0.615532 0.525073 0.987959 0.984016 0.728764 0.785221 0.652577 0.442740 0.539776 
0.546977 0.918922 0.862339 0.125325 0.983421 0.447890 0.130652 0.303473 0.789846 0.232255 
0.402970 0.602537 0.896405 0.364477 0.896306 0.651249 0.051356 0.607440 0.913521 0.739832 
0.107040 0.702138 0.189011 0.676230 0.865703 0.169502 0.627506 0.278902 0.533254 0.888992 
0.724166 0.743675 0.660720 0.375758 0.800961 0.531449 0.029088 0.799562 0.804076 0.859808 
0.613682 0.385102 0.941231 0.863458 0.554979 0.633801 0.136195 0.796169 0.562660 0.597061 
0.782968 0.251504 0.975707 0.291977 0.418872 0.014096 0.694556 0.954087 0.750876 0.654752 
0.566621 0.036760 0.107935 0.133475 0.127123 0.470371 0.515679 0.444338 0.009230 0.915014 
0.811319 0.472123 0.178899 0.672651 0.654621 0.886326 0.542582 0.456883 0.476785 0.433183 
0.576776 0.645072 0.746551 0.202585 0.863965 0.114028 0.808484 0.599817 0.250330 0.289761 
0.944029 0.278970 0.049469 0.868515 0.274598 0.442541 0.793686 0.842622 0.307918 0.631882 
