-17.088259
-3.657669
-7.816142
-4.850011
-13.687860
-23.807446
-5.318042
-12.857134
-9.614750
-0.434249
-21.274115
-12.451756
-3.766457
-21.435945
-1.471266
-4.107613
-16.338356
1.025912
-17.943853
-10.394568
-8.701710
-7.304502
-10.426529
-18.385828
-17.265046
-2.361714
-15.033691
-15.300999
-13.834250
-6.479247
-12.636861
-16.806233
-10.695521
-10.314643
-3.891849
-4.176252
-18.450756
-11.150801
-7.542910
-13.721214
-11.006987
-2.340858
-10.705510
-10.771977
-12.583835
-7.948677
-6.483748
5.737699
-11.473493
-16.616581
-8.473802
-16.890266
-6.851547
3.815597
-8.143107
-12.644349
-8.740470
-5.968859
-5.401299
-7.136468
-14.041410
-21.731993
-13.325784
-11.642286
-4.055829
-8.011732
-16.365414
-8.681249
-6.003964
-16.694636
-3.549842
-12.970691
-5.470959
-16.704672
-19.816908
-17.350924
-6.336587
-16.377053
-8.979997
-7.100325
-1.933046
0.747160
-13.608148
-11.392882
-8.330568
-19.698381
-4.234479
-12.317243
-12.242366
-2.877122
-20.514110
-12.064034
-11.190826
-11.270943
-10.739168
-2.597409
-10.488136
-4.886661
-5.182347
-10.254442
-7.479921
-10.610838
-6.472095
-17.341641
-12.650215
-7.081113
-14.006633
-11.284463
-6.678758
-5.988268
-18.070307
-2.314545
-11.607350
-6.909996
-16.063648
-11.732372
-15.163397
-13.958020
-4.336663
-4.966716
-16.796601
-4.799940
-10.464832
-11.521401
-10.761664
-11.050504
-9.761784
-6.227172
-26.893761
-11.397241
-5.896914
-4.778085
-12.946429
-14.851776
-7.214511
-17.373436
-14.059805
-6.542102
-18.143988
-3.366260
-12.262461
-5.251934
-15.114194
-9.930173
-8.644495
-22.507432
-21.909620
-3.350124
-16.052544
1.747096
-2.164285
-15.681308
-10.477159
-13.099703
-20.897055
-12.552466
-9.778419
-8.059973
-9.147580
-9.785479
-11.962550
-3.324116
-8.150069
-13.578493
-13.002176
-24.566627
-8.440351
-13.226535
-14.838905
-14.981310
-8.970932
-13.782142
-5.514347
-9.501119
-18.648349
-8.034054
1.195436
-17.780711
-11.644770
-10.632634
-21.920169
-2.083944
-0.112414
-5.869308
-2.848407
-0.825479
-0.212412
-7.474492
-20.451914
-15.874606
-8.841593
-16.252393
-13.013042
-13.004274
-17.395462
-3.747803
-5.786588
-22.560745
1.316991
-11.120558
-19.356040
-8.105878
2.314504
-13.850568
-8.916287
-10.526762
-17.555699
-14.100922
-10.728147
-7.491415
-10.860525
-22.071409
2.327557
-0.584145
-2.911259
-16.334769
-18.410453
-19.530626
-11.099726
-15.196443
-15.406589
-16.632734
-16.797712
-11.565867
-11.923531
-17.523584
-2.963154
-10.449449
-5.781749
-14.831126
-2.990310
-9.125962
-2.599366
-17.846655
-3.820370
-16.893871
-9.512337
2.586470
-16.126843
-11.844579
-12.805436
-3.389817
-7.197791
-0.631370
-5.477946
-10.985883
-16.445178
-3.528580
-6.361419
-14.208807
-16.031826
-14.363007
5.323023
-6.631414
-11.185847
-19.033715
-22.123221
-7.854064
-10.919833
-5.884777
-12.669650
-16.208846
-16.457015
-13.095446
-0.237338
-6.337136
-16.468823
-9.666655
-9.910124
-20.011859
-3.510462
-17.512531
-17.428042
-11.800390
-13.528524
-14.390035
-5.788319
-19.301731
-11.882552
-6.484672
-4.189455
-3.643166
-0.654698
-15.225048
-0.645357
-20.700639
-5.307452
-14.503928
-7.762368
-6.744299
-20.669377
-22.109448
-12.126249
-19.126605
-11.567307
-22.414472
-9.375574
-7.056297
-15.304790
-2.445321
